PSI: 5.38815 +- 0.178869
H:   51.7092 +- 0.506848
Theory: 5.27286,e-20