PSI: 5.38815 +- 0.178869
Theory: 5.27286,e-20