PSI: 5.25722 +- 0.218313
H:   52.3133 +- 0.722232
Theory: 5.27286,e-20