PSI: 5.25722 +- 0.218313
Theory: 5.27286,e-20