PSI: 11.9248 +- 1.00902
H:   56.3799 +- 1.50252
Theory: 5.27286,e-20