PSI: 12.9224 +- 1.09815
Theory: 5.27286,e-20